1 2 0
-1 -2 0
3 0
4 5 0
-4 -5 0
6 0
7 0
8 0
9 10 0
-9 -10 0
11 12 0
-11 -12 0
13 0
[courseHour-1-1-1,courseHour-1-1-2,courseHour-1-1-3,courseHour-1-1-4,courseHour-1-1-5]
14 15 16 0
14 15 17 0
14 15 18 0
14 16 17 0
14 16 18 0
14 17 18 0
15 16 17 0
15 16 18 0
15 17 18 0
16 17 18 0
-14 -15 -16 -17 0
-14 -15 -16 -18 0
-14 -15 -17 -18 0
-14 -16 -17 -18 0
-15 -16 -17 -18 0
[courseHour-1-2-1,courseHour-1-2-2,courseHour-1-2-3,courseHour-1-2-4,courseHour-1-2-5]
19 20 21 0
19 20 22 0
19 20 23 0
19 21 22 0
19 21 23 0
19 22 23 0
20 21 22 0
20 21 23 0
20 22 23 0
21 22 23 0
-19 -20 -21 -22 0
-19 -20 -21 -23 0
-19 -20 -22 -23 0
-19 -21 -22 -23 0
-20 -21 -22 -23 0
[courseHour-1-3-1,courseHour-1-3-2,courseHour-1-3-3,courseHour-1-3-4,courseHour-1-3-5]
24 25 26 0
24 25 27 0
24 25 28 0
24 26 27 0
24 26 28 0
24 27 28 0
25 26 27 0
25 26 28 0
25 27 28 0
26 27 28 0
-24 -25 -26 -27 0
-24 -25 -26 -28 0
-24 -25 -27 -28 0
-24 -26 -27 -28 0
-25 -26 -27 -28 0
[courseHour-1-4-1,courseHour-1-4-2,courseHour-1-4-3,courseHour-1-4-4,courseHour-1-4-5]
29 30 31 0
29 30 32 0
29 30 33 0
29 31 32 0
29 31 33 0
29 32 33 0
30 31 32 0
30 31 33 0
30 32 33 0
31 32 33 0
-29 -30 -31 -32 0
-29 -30 -31 -33 0
-29 -30 -32 -33 0
-29 -31 -32 -33 0
-30 -31 -32 -33 0
[courseHour-1-5-1,courseHour-1-5-2,courseHour-1-5-3,courseHour-1-5-4,courseHour-1-5-5]
34 35 36 0
34 35 37 0
34 35 38 0
34 36 37 0
34 36 38 0
34 37 38 0
35 36 37 0
35 36 38 0
35 37 38 0
36 37 38 0
-34 -35 -36 -37 0
-34 -35 -36 -38 0
-34 -35 -37 -38 0
-34 -36 -37 -38 0
-35 -36 -37 -38 0
[courseHour-2-1-1,courseHour-2-1-2,courseHour-2-1-3,courseHour-2-1-4,courseHour-2-1-5]
39 40 41 0
39 40 42 0
39 40 43 0
39 41 42 0
39 41 43 0
39 42 43 0
40 41 42 0
40 41 43 0
40 42 43 0
41 42 43 0
-39 -40 -41 -42 0
-39 -40 -41 -43 0
-39 -40 -42 -43 0
-39 -41 -42 -43 0
-40 -41 -42 -43 0
[courseHour-2-2-1,courseHour-2-2-2,courseHour-2-2-3,courseHour-2-2-4,courseHour-2-2-5]
44 45 46 0
44 45 47 0
44 45 48 0
44 46 47 0
44 46 48 0
44 47 48 0
45 46 47 0
45 46 48 0
45 47 48 0
46 47 48 0
-44 -45 -46 -47 0
-44 -45 -46 -48 0
-44 -45 -47 -48 0
-44 -46 -47 -48 0
-45 -46 -47 -48 0
[courseHour-2-3-1,courseHour-2-3-2,courseHour-2-3-3,courseHour-2-3-4,courseHour-2-3-5]
49 50 51 0
49 50 52 0
49 50 53 0
49 51 52 0
49 51 53 0
49 52 53 0
50 51 52 0
50 51 53 0
50 52 53 0
51 52 53 0
-49 -50 -51 -52 0
-49 -50 -51 -53 0
-49 -50 -52 -53 0
-49 -51 -52 -53 0
-50 -51 -52 -53 0
[courseHour-2-4-1,courseHour-2-4-2,courseHour-2-4-3,courseHour-2-4-4,courseHour-2-4-5]
54 55 56 0
54 55 57 0
54 55 58 0
54 56 57 0
54 56 58 0
54 57 58 0
55 56 57 0
55 56 58 0
55 57 58 0
56 57 58 0
-54 -55 -56 -57 0
-54 -55 -56 -58 0
-54 -55 -57 -58 0
-54 -56 -57 -58 0
-55 -56 -57 -58 0
[courseHour-2-5-1,courseHour-2-5-2,courseHour-2-5-3,courseHour-2-5-4,courseHour-2-5-5]
59 60 61 0
59 60 62 0
59 60 63 0
59 61 62 0
59 61 63 0
59 62 63 0
60 61 62 0
60 61 63 0
60 62 63 0
61 62 63 0
-59 -60 -61 -62 0
-59 -60 -61 -63 0
-59 -60 -62 -63 0
-59 -61 -62 -63 0
-60 -61 -62 -63 0
[courseHour-3-1-1,courseHour-3-1-2,courseHour-3-1-3,courseHour-3-1-4,courseHour-3-1-5]
64 65 66 0
64 65 67 0
64 65 68 0
64 66 67 0
64 66 68 0
64 67 68 0
65 66 67 0
65 66 68 0
65 67 68 0
66 67 68 0
-64 -65 -66 -67 0
-64 -65 -66 -68 0
-64 -65 -67 -68 0
-64 -66 -67 -68 0
-65 -66 -67 -68 0
[courseHour-3-2-1,courseHour-3-2-2,courseHour-3-2-3,courseHour-3-2-4,courseHour-3-2-5]
69 70 71 0
69 70 72 0
69 70 73 0
69 71 72 0
69 71 73 0
69 72 73 0
70 71 72 0
70 71 73 0
70 72 73 0
71 72 73 0
-69 -70 -71 -72 0
-69 -70 -71 -73 0
-69 -70 -72 -73 0
-69 -71 -72 -73 0
-70 -71 -72 -73 0
[courseHour-3-3-1,courseHour-3-3-2,courseHour-3-3-3,courseHour-3-3-4,courseHour-3-3-5]
74 75 76 0
74 75 77 0
74 75 78 0
74 76 77 0
74 76 78 0
74 77 78 0
75 76 77 0
75 76 78 0
75 77 78 0
76 77 78 0
-74 -75 -76 -77 0
-74 -75 -76 -78 0
-74 -75 -77 -78 0
-74 -76 -77 -78 0
-75 -76 -77 -78 0
[courseHour-3-4-1,courseHour-3-4-2,courseHour-3-4-3,courseHour-3-4-4,courseHour-3-4-5]
79 80 81 0
79 80 82 0
79 80 83 0
79 81 82 0
79 81 83 0
79 82 83 0
80 81 82 0
80 81 83 0
80 82 83 0
81 82 83 0
-79 -80 -81 -82 0
-79 -80 -81 -83 0
-79 -80 -82 -83 0
-79 -81 -82 -83 0
-80 -81 -82 -83 0
[courseHour-3-5-1,courseHour-3-5-2,courseHour-3-5-3,courseHour-3-5-4,courseHour-3-5-5]
84 85 86 0
84 85 87 0
84 85 88 0
84 86 87 0
84 86 88 0
84 87 88 0
85 86 87 0
85 86 88 0
85 87 88 0
86 87 88 0
-84 -85 -86 -87 0
-84 -85 -86 -88 0
-84 -85 -87 -88 0
-84 -86 -87 -88 0
-85 -86 -87 -88 0
[courseHour-4-1-1,courseHour-4-1-2,courseHour-4-1-3,courseHour-4-1-4,courseHour-4-1-5]
89 90 91 0
89 90 92 0
89 90 93 0
89 91 92 0
89 91 93 0
89 92 93 0
90 91 92 0
90 91 93 0
90 92 93 0
91 92 93 0
-89 -90 -91 -92 0
-89 -90 -91 -93 0
-89 -90 -92 -93 0
-89 -91 -92 -93 0
-90 -91 -92 -93 0
[courseHour-4-2-1,courseHour-4-2-2,courseHour-4-2-3,courseHour-4-2-4,courseHour-4-2-5]
94 95 96 0
94 95 97 0
94 95 98 0
94 96 97 0
94 96 98 0
94 97 98 0
95 96 97 0
95 96 98 0
95 97 98 0
96 97 98 0
-94 -95 -96 -97 0
-94 -95 -96 -98 0
-94 -95 -97 -98 0
-94 -96 -97 -98 0
-95 -96 -97 -98 0
[courseHour-4-3-1,courseHour-4-3-2,courseHour-4-3-3,courseHour-4-3-4,courseHour-4-3-5]
99 100 101 0
99 100 102 0
99 100 103 0
99 101 102 0
99 101 103 0
99 102 103 0
100 101 102 0
100 101 103 0
100 102 103 0
101 102 103 0
-99 -100 -101 -102 0
-99 -100 -101 -103 0
-99 -100 -102 -103 0
-99 -101 -102 -103 0
-100 -101 -102 -103 0
[courseHour-4-4-1,courseHour-4-4-2,courseHour-4-4-3,courseHour-4-4-4,courseHour-4-4-5]
104 105 106 0
104 105 107 0
104 105 108 0
104 106 107 0
104 106 108 0
104 107 108 0
105 106 107 0
105 106 108 0
105 107 108 0
106 107 108 0
-104 -105 -106 -107 0
-104 -105 -106 -108 0
-104 -105 -107 -108 0
-104 -106 -107 -108 0
-105 -106 -107 -108 0
[courseHour-4-5-1,courseHour-4-5-2,courseHour-4-5-3,courseHour-4-5-4,courseHour-4-5-5]
109 110 111 0
109 110 112 0
109 110 113 0
109 111 112 0
109 111 113 0
109 112 113 0
110 111 112 0
110 111 113 0
110 112 113 0
111 112 113 0
-109 -110 -111 -112 0
-109 -110 -111 -113 0
-109 -110 -112 -113 0
-109 -111 -112 -113 0
-110 -111 -112 -113 0
[courseHour-5-1-1,courseHour-5-1-2,courseHour-5-1-3,courseHour-5-1-4,courseHour-5-1-5]
114 115 116 0
114 115 117 0
114 115 118 0
114 116 117 0
114 116 118 0
114 117 118 0
115 116 117 0
115 116 118 0
115 117 118 0
116 117 118 0
-114 -115 -116 -117 0
-114 -115 -116 -118 0
-114 -115 -117 -118 0
-114 -116 -117 -118 0
-115 -116 -117 -118 0
[courseHour-5-2-1,courseHour-5-2-2,courseHour-5-2-3,courseHour-5-2-4,courseHour-5-2-5]
119 120 121 0
119 120 122 0
119 120 123 0
119 121 122 0
119 121 123 0
119 122 123 0
120 121 122 0
120 121 123 0
120 122 123 0
121 122 123 0
-119 -120 -121 -122 0
-119 -120 -121 -123 0
-119 -120 -122 -123 0
-119 -121 -122 -123 0
-120 -121 -122 -123 0
[courseHour-5-3-1,courseHour-5-3-2,courseHour-5-3-3,courseHour-5-3-4,courseHour-5-3-5]
124 125 126 0
124 125 127 0
124 125 128 0
124 126 127 0
124 126 128 0
124 127 128 0
125 126 127 0
125 126 128 0
125 127 128 0
126 127 128 0
-124 -125 -126 -127 0
-124 -125 -126 -128 0
-124 -125 -127 -128 0
-124 -126 -127 -128 0
-125 -126 -127 -128 0
[courseHour-5-4-1,courseHour-5-4-2,courseHour-5-4-3,courseHour-5-4-4,courseHour-5-4-5]
129 130 131 0
129 130 132 0
129 130 133 0
129 131 132 0
129 131 133 0
129 132 133 0
130 131 132 0
130 131 133 0
130 132 133 0
131 132 133 0
-129 -130 -131 -132 0
-129 -130 -131 -133 0
-129 -130 -132 -133 0
-129 -131 -132 -133 0
-130 -131 -132 -133 0
[courseHour-5-5-1,courseHour-5-5-2,courseHour-5-5-3,courseHour-5-5-4,courseHour-5-5-5]
134 135 136 0
134 135 137 0
134 135 138 0
134 136 137 0
134 136 138 0
134 137 138 0
135 136 137 0
135 136 138 0
135 137 138 0
136 137 138 0
-134 -135 -136 -137 0
-134 -135 -136 -138 0
-134 -135 -137 -138 0
-134 -136 -137 -138 0
-135 -136 -137 -138 0
[courseHour-6-1-1,courseHour-6-1-2,courseHour-6-1-3,courseHour-6-1-4,courseHour-6-1-5]
139 140 141 0
139 140 142 0
139 140 143 0
139 141 142 0
139 141 143 0
139 142 143 0
140 141 142 0
140 141 143 0
140 142 143 0
141 142 143 0
-139 -140 -141 -142 0
-139 -140 -141 -143 0
-139 -140 -142 -143 0
-139 -141 -142 -143 0
-140 -141 -142 -143 0
[courseHour-6-2-1,courseHour-6-2-2,courseHour-6-2-3,courseHour-6-2-4,courseHour-6-2-5]
144 145 146 0
144 145 147 0
144 145 148 0
144 146 147 0
144 146 148 0
144 147 148 0
145 146 147 0
145 146 148 0
145 147 148 0
146 147 148 0
-144 -145 -146 -147 0
-144 -145 -146 -148 0
-144 -145 -147 -148 0
-144 -146 -147 -148 0
-145 -146 -147 -148 0
[courseHour-6-3-1,courseHour-6-3-2,courseHour-6-3-3,courseHour-6-3-4,courseHour-6-3-5]
149 150 151 0
149 150 152 0
149 150 153 0
149 151 152 0
149 151 153 0
149 152 153 0
150 151 152 0
150 151 153 0
150 152 153 0
151 152 153 0
-149 -150 -151 -152 0
-149 -150 -151 -153 0
-149 -150 -152 -153 0
-149 -151 -152 -153 0
-150 -151 -152 -153 0
[courseHour-6-4-1,courseHour-6-4-2,courseHour-6-4-3,courseHour-6-4-4,courseHour-6-4-5]
154 155 156 0
154 155 157 0
154 155 158 0
154 156 157 0
154 156 158 0
154 157 158 0
155 156 157 0
155 156 158 0
155 157 158 0
156 157 158 0
-154 -155 -156 -157 0
-154 -155 -156 -158 0
-154 -155 -157 -158 0
-154 -156 -157 -158 0
-155 -156 -157 -158 0
[courseHour-6-5-1,courseHour-6-5-2,courseHour-6-5-3,courseHour-6-5-4,courseHour-6-5-5]
159 160 161 0
159 160 162 0
159 160 163 0
159 161 162 0
159 161 163 0
159 162 163 0
160 161 162 0
160 161 163 0
160 162 163 0
161 162 163 0
-159 -160 -161 -162 0
-159 -160 -161 -163 0
-159 -160 -162 -163 0
-159 -161 -162 -163 0
-160 -161 -162 -163 0
[courseHour-7-1-1,courseHour-7-1-2,courseHour-7-1-3,courseHour-7-1-4,courseHour-7-1-5]
164 165 166 0
164 165 167 0
164 165 168 0
164 166 167 0
164 166 168 0
164 167 168 0
165 166 167 0
165 166 168 0
165 167 168 0
166 167 168 0
-164 -165 -166 -167 0
-164 -165 -166 -168 0
-164 -165 -167 -168 0
-164 -166 -167 -168 0
-165 -166 -167 -168 0
[courseHour-7-2-1,courseHour-7-2-2,courseHour-7-2-3,courseHour-7-2-4,courseHour-7-2-5]
169 170 171 0
169 170 172 0
169 170 173 0
169 171 172 0
169 171 173 0
169 172 173 0
170 171 172 0
170 171 173 0
170 172 173 0
171 172 173 0
-169 -170 -171 -172 0
-169 -170 -171 -173 0
-169 -170 -172 -173 0
-169 -171 -172 -173 0
-170 -171 -172 -173 0
[courseHour-7-3-1,courseHour-7-3-2,courseHour-7-3-3,courseHour-7-3-4,courseHour-7-3-5]
174 175 176 0
174 175 177 0
174 175 178 0
174 176 177 0
174 176 178 0
174 177 178 0
175 176 177 0
175 176 178 0
175 177 178 0
176 177 178 0
-174 -175 -176 -177 0
-174 -175 -176 -178 0
-174 -175 -177 -178 0
-174 -176 -177 -178 0
-175 -176 -177 -178 0
[courseHour-7-4-1,courseHour-7-4-2,courseHour-7-4-3,courseHour-7-4-4,courseHour-7-4-5]
179 180 181 0
179 180 182 0
179 180 183 0
179 181 182 0
179 181 183 0
179 182 183 0
180 181 182 0
180 181 183 0
180 182 183 0
181 182 183 0
-179 -180 -181 -182 0
-179 -180 -181 -183 0
-179 -180 -182 -183 0
-179 -181 -182 -183 0
-180 -181 -182 -183 0
[courseHour-7-5-1,courseHour-7-5-2,courseHour-7-5-3,courseHour-7-5-4,courseHour-7-5-5]
184 185 186 0
184 185 187 0
184 185 188 0
184 186 187 0
184 186 188 0
184 187 188 0
185 186 187 0
185 186 188 0
185 187 188 0
186 187 188 0
-184 -185 -186 -187 0
-184 -185 -186 -188 0
-184 -185 -187 -188 0
-184 -186 -187 -188 0
-185 -186 -187 -188 0
[courseHour-8-1-1,courseHour-8-1-2,courseHour-8-1-3,courseHour-8-1-4,courseHour-8-1-5]
189 190 191 0
189 190 192 0
189 190 193 0
189 191 192 0
189 191 193 0
189 192 193 0
190 191 192 0
190 191 193 0
190 192 193 0
191 192 193 0
-189 -190 -191 -192 0
-189 -190 -191 -193 0
-189 -190 -192 -193 0
-189 -191 -192 -193 0
-190 -191 -192 -193 0
[courseHour-8-2-1,courseHour-8-2-2,courseHour-8-2-3,courseHour-8-2-4,courseHour-8-2-5]
194 195 196 0
194 195 197 0
194 195 198 0
194 196 197 0
194 196 198 0
194 197 198 0
195 196 197 0
195 196 198 0
195 197 198 0
196 197 198 0
-194 -195 -196 -197 0
-194 -195 -196 -198 0
-194 -195 -197 -198 0
-194 -196 -197 -198 0
-195 -196 -197 -198 0
[courseHour-8-3-1,courseHour-8-3-2,courseHour-8-3-3,courseHour-8-3-4,courseHour-8-3-5]
199 200 201 0
199 200 202 0
199 200 203 0
199 201 202 0
199 201 203 0
199 202 203 0
200 201 202 0
200 201 203 0
200 202 203 0
201 202 203 0
-199 -200 -201 -202 0
-199 -200 -201 -203 0
-199 -200 -202 -203 0
-199 -201 -202 -203 0
-200 -201 -202 -203 0
[courseHour-8-4-1,courseHour-8-4-2,courseHour-8-4-3,courseHour-8-4-4,courseHour-8-4-5]
204 205 206 0
204 205 207 0
204 205 208 0
204 206 207 0
204 206 208 0
204 207 208 0
205 206 207 0
205 206 208 0
205 207 208 0
206 207 208 0
-204 -205 -206 -207 0
-204 -205 -206 -208 0
-204 -205 -207 -208 0
-204 -206 -207 -208 0
-205 -206 -207 -208 0
[courseHour-8-5-1,courseHour-8-5-2,courseHour-8-5-3,courseHour-8-5-4,courseHour-8-5-5]
209 210 211 0
209 210 212 0
209 210 213 0
209 211 212 0
209 211 213 0
209 212 213 0
210 211 212 0
210 211 213 0
210 212 213 0
211 212 213 0
-209 -210 -211 -212 0
-209 -210 -211 -213 0
-209 -210 -212 -213 0
-209 -211 -212 -213 0
-210 -211 -212 -213 0
[courseHour-9-1-1,courseHour-9-1-2,courseHour-9-1-3,courseHour-9-1-4,courseHour-9-1-5]
214 215 216 0
214 215 217 0
214 215 218 0
214 216 217 0
214 216 218 0
214 217 218 0
215 216 217 0
215 216 218 0
215 217 218 0
216 217 218 0
-214 -215 -216 -217 0
-214 -215 -216 -218 0
-214 -215 -217 -218 0
-214 -216 -217 -218 0
-215 -216 -217 -218 0
[courseHour-9-2-1,courseHour-9-2-2,courseHour-9-2-3,courseHour-9-2-4,courseHour-9-2-5]
219 220 221 0
219 220 222 0
219 220 223 0
219 221 222 0
219 221 223 0
219 222 223 0
220 221 222 0
220 221 223 0
220 222 223 0
221 222 223 0
-219 -220 -221 -222 0
-219 -220 -221 -223 0
-219 -220 -222 -223 0
-219 -221 -222 -223 0
-220 -221 -222 -223 0
[courseHour-9-3-1,courseHour-9-3-2,courseHour-9-3-3,courseHour-9-3-4,courseHour-9-3-5]
224 225 226 0
224 225 227 0
224 225 228 0
224 226 227 0
224 226 228 0
224 227 228 0
225 226 227 0
225 226 228 0
225 227 228 0
226 227 228 0
-224 -225 -226 -227 0
-224 -225 -226 -228 0
-224 -225 -227 -228 0
-224 -226 -227 -228 0
-225 -226 -227 -228 0
[courseHour-9-4-1,courseHour-9-4-2,courseHour-9-4-3,courseHour-9-4-4,courseHour-9-4-5]
229 230 231 0
229 230 232 0
229 230 233 0
229 231 232 0
229 231 233 0
229 232 233 0
230 231 232 0
230 231 233 0
230 232 233 0
231 232 233 0
-229 -230 -231 -232 0
-229 -230 -231 -233 0
-229 -230 -232 -233 0
-229 -231 -232 -233 0
-230 -231 -232 -233 0
[courseHour-9-5-1,courseHour-9-5-2,courseHour-9-5-3,courseHour-9-5-4,courseHour-9-5-5]
234 235 236 0
234 235 237 0
234 235 238 0
234 236 237 0
234 236 238 0
234 237 238 0
235 236 237 0
235 236 238 0
235 237 238 0
236 237 238 0
-234 -235 -236 -237 0
-234 -235 -236 -238 0
-234 -235 -237 -238 0
-234 -236 -237 -238 0
-235 -236 -237 -238 0
-14 -39 0
-14 -64 0
-14 -89 0
-14 -114 0
-14 -139 0
-14 -164 0
-14 -189 0
-14 -214 0
-39 -64 0
-39 -89 0
-39 -114 0
-39 -139 0
-39 -164 0
-39 -189 0
-39 -214 0
-64 -89 0
-64 -114 0
-64 -139 0
-64 -164 0
-64 -189 0
-64 -214 0
-89 -114 0
-89 -139 0
-89 -164 0
-89 -189 0
-89 -214 0
-114 -139 0
-114 -164 0
-114 -189 0
-114 -214 0
-139 -164 0
-139 -189 0
-139 -214 0
-164 -189 0
-164 -214 0
-189 -214 0
-15 -40 0
-15 -65 0
-15 -90 0
-15 -115 0
-15 -140 0
-15 -165 0
-15 -190 0
-15 -215 0
-40 -65 0
-40 -90 0
-40 -115 0
-40 -140 0
-40 -165 0
-40 -190 0
-40 -215 0
-65 -90 0
-65 -115 0
-65 -140 0
-65 -165 0
-65 -190 0
-65 -215 0
-90 -115 0
-90 -140 0
-90 -165 0
-90 -190 0
-90 -215 0
-115 -140 0
-115 -165 0
-115 -190 0
-115 -215 0
-140 -165 0
-140 -190 0
-140 -215 0
-165 -190 0
-165 -215 0
-190 -215 0
-16 -41 0
-16 -66 0
-16 -91 0
-16 -116 0
-16 -141 0
-16 -166 0
-16 -191 0
-16 -216 0
-41 -66 0
-41 -91 0
-41 -116 0
-41 -141 0
-41 -166 0
-41 -191 0
-41 -216 0
-66 -91 0
-66 -116 0
-66 -141 0
-66 -166 0
-66 -191 0
-66 -216 0
-91 -116 0
-91 -141 0
-91 -166 0
-91 -191 0
-91 -216 0
-116 -141 0
-116 -166 0
-116 -191 0
-116 -216 0
-141 -166 0
-141 -191 0
-141 -216 0
-166 -191 0
-166 -216 0
-191 -216 0
-17 -42 0
-17 -67 0
-17 -92 0
-17 -117 0
-17 -142 0
-17 -167 0
-17 -192 0
-17 -217 0
-42 -67 0
-42 -92 0
-42 -117 0
-42 -142 0
-42 -167 0
-42 -192 0
-42 -217 0
-67 -92 0
-67 -117 0
-67 -142 0
-67 -167 0
-67 -192 0
-67 -217 0
-92 -117 0
-92 -142 0
-92 -167 0
-92 -192 0
-92 -217 0
-117 -142 0
-117 -167 0
-117 -192 0
-117 -217 0
-142 -167 0
-142 -192 0
-142 -217 0
-167 -192 0
-167 -217 0
-192 -217 0
-18 -43 0
-18 -68 0
-18 -93 0
-18 -118 0
-18 -143 0
-18 -168 0
-18 -193 0
-18 -218 0
-43 -68 0
-43 -93 0
-43 -118 0
-43 -143 0
-43 -168 0
-43 -193 0
-43 -218 0
-68 -93 0
-68 -118 0
-68 -143 0
-68 -168 0
-68 -193 0
-68 -218 0
-93 -118 0
-93 -143 0
-93 -168 0
-93 -193 0
-93 -218 0
-118 -143 0
-118 -168 0
-118 -193 0
-118 -218 0
-143 -168 0
-143 -193 0
-143 -218 0
-168 -193 0
-168 -218 0
-193 -218 0
-19 -44 0
-19 -69 0
-19 -94 0
-19 -119 0
-19 -144 0
-19 -169 0
-19 -194 0
-19 -219 0
-44 -69 0
-44 -94 0
-44 -119 0
-44 -144 0
-44 -169 0
-44 -194 0
-44 -219 0
-69 -94 0
-69 -119 0
-69 -144 0
-69 -169 0
-69 -194 0
-69 -219 0
-94 -119 0
-94 -144 0
-94 -169 0
-94 -194 0
-94 -219 0
-119 -144 0
-119 -169 0
-119 -194 0
-119 -219 0
-144 -169 0
-144 -194 0
-144 -219 0
-169 -194 0
-169 -219 0
-194 -219 0
-20 -45 0
-20 -70 0
-20 -95 0
-20 -120 0
-20 -145 0
-20 -170 0
-20 -195 0
-20 -220 0
-45 -70 0
-45 -95 0
-45 -120 0
-45 -145 0
-45 -170 0
-45 -195 0
-45 -220 0
-70 -95 0
-70 -120 0
-70 -145 0
-70 -170 0
-70 -195 0
-70 -220 0
-95 -120 0
-95 -145 0
-95 -170 0
-95 -195 0
-95 -220 0
-120 -145 0
-120 -170 0
-120 -195 0
-120 -220 0
-145 -170 0
-145 -195 0
-145 -220 0
-170 -195 0
-170 -220 0
-195 -220 0
-21 -46 0
-21 -71 0
-21 -96 0
-21 -121 0
-21 -146 0
-21 -171 0
-21 -196 0
-21 -221 0
-46 -71 0
-46 -96 0
-46 -121 0
-46 -146 0
-46 -171 0
-46 -196 0
-46 -221 0
-71 -96 0
-71 -121 0
-71 -146 0
-71 -171 0
-71 -196 0
-71 -221 0
-96 -121 0
-96 -146 0
-96 -171 0
-96 -196 0
-96 -221 0
-121 -146 0
-121 -171 0
-121 -196 0
-121 -221 0
-146 -171 0
-146 -196 0
-146 -221 0
-171 -196 0
-171 -221 0
-196 -221 0
-22 -47 0
-22 -72 0
-22 -97 0
-22 -122 0
-22 -147 0
-22 -172 0
-22 -197 0
-22 -222 0
-47 -72 0
-47 -97 0
-47 -122 0
-47 -147 0
-47 -172 0
-47 -197 0
-47 -222 0
-72 -97 0
-72 -122 0
-72 -147 0
-72 -172 0
-72 -197 0
-72 -222 0
-97 -122 0
-97 -147 0
-97 -172 0
-97 -197 0
-97 -222 0
-122 -147 0
-122 -172 0
-122 -197 0
-122 -222 0
-147 -172 0
-147 -197 0
-147 -222 0
-172 -197 0
-172 -222 0
-197 -222 0
-23 -48 0
-23 -73 0
-23 -98 0
-23 -123 0
-23 -148 0
-23 -173 0
-23 -198 0
-23 -223 0
-48 -73 0
-48 -98 0
-48 -123 0
-48 -148 0
-48 -173 0
-48 -198 0
-48 -223 0
-73 -98 0
-73 -123 0
-73 -148 0
-73 -173 0
-73 -198 0
-73 -223 0
-98 -123 0
-98 -148 0
-98 -173 0
-98 -198 0
-98 -223 0
-123 -148 0
-123 -173 0
-123 -198 0
-123 -223 0
-148 -173 0
-148 -198 0
-148 -223 0
-173 -198 0
-173 -223 0
-198 -223 0
-24 -49 0
-24 -74 0
-24 -99 0
-24 -124 0
-24 -149 0
-24 -174 0
-24 -199 0
-24 -224 0
-49 -74 0
-49 -99 0
-49 -124 0
-49 -149 0
-49 -174 0
-49 -199 0
-49 -224 0
-74 -99 0
-74 -124 0
-74 -149 0
-74 -174 0
-74 -199 0
-74 -224 0
-99 -124 0
-99 -149 0
-99 -174 0
-99 -199 0
-99 -224 0
-124 -149 0
-124 -174 0
-124 -199 0
-124 -224 0
-149 -174 0
-149 -199 0
-149 -224 0
-174 -199 0
-174 -224 0
-199 -224 0
-25 -50 0
-25 -75 0
-25 -100 0
-25 -125 0
-25 -150 0
-25 -175 0
-25 -200 0
-25 -225 0
-50 -75 0
-50 -100 0
-50 -125 0
-50 -150 0
-50 -175 0
-50 -200 0
-50 -225 0
-75 -100 0
-75 -125 0
-75 -150 0
-75 -175 0
-75 -200 0
-75 -225 0
-100 -125 0
-100 -150 0
-100 -175 0
-100 -200 0
-100 -225 0
-125 -150 0
-125 -175 0
-125 -200 0
-125 -225 0
-150 -175 0
-150 -200 0
-150 -225 0
-175 -200 0
-175 -225 0
-200 -225 0
-26 -51 0
-26 -76 0
-26 -101 0
-26 -126 0
-26 -151 0
-26 -176 0
-26 -201 0
-26 -226 0
-51 -76 0
-51 -101 0
-51 -126 0
-51 -151 0
-51 -176 0
-51 -201 0
-51 -226 0
-76 -101 0
-76 -126 0
-76 -151 0
-76 -176 0
-76 -201 0
-76 -226 0
-101 -126 0
-101 -151 0
-101 -176 0
-101 -201 0
-101 -226 0
-126 -151 0
-126 -176 0
-126 -201 0
-126 -226 0
-151 -176 0
-151 -201 0
-151 -226 0
-176 -201 0
-176 -226 0
-201 -226 0
-27 -52 0
-27 -77 0
-27 -102 0
-27 -127 0
-27 -152 0
-27 -177 0
-27 -202 0
-27 -227 0
-52 -77 0
-52 -102 0
-52 -127 0
-52 -152 0
-52 -177 0
-52 -202 0
-52 -227 0
-77 -102 0
-77 -127 0
-77 -152 0
-77 -177 0
-77 -202 0
-77 -227 0
-102 -127 0
-102 -152 0
-102 -177 0
-102 -202 0
-102 -227 0
-127 -152 0
-127 -177 0
-127 -202 0
-127 -227 0
-152 -177 0
-152 -202 0
-152 -227 0
-177 -202 0
-177 -227 0
-202 -227 0
-28 -53 0
-28 -78 0
-28 -103 0
-28 -128 0
-28 -153 0
-28 -178 0
-28 -203 0
-28 -228 0
-53 -78 0
-53 -103 0
-53 -128 0
-53 -153 0
-53 -178 0
-53 -203 0
-53 -228 0
-78 -103 0
-78 -128 0
-78 -153 0
-78 -178 0
-78 -203 0
-78 -228 0
-103 -128 0
-103 -153 0
-103 -178 0
-103 -203 0
-103 -228 0
-128 -153 0
-128 -178 0
-128 -203 0
-128 -228 0
-153 -178 0
-153 -203 0
-153 -228 0
-178 -203 0
-178 -228 0
-203 -228 0
-29 -54 0
-29 -79 0
-29 -104 0
-29 -129 0
-29 -154 0
-29 -179 0
-29 -204 0
-29 -229 0
-54 -79 0
-54 -104 0
-54 -129 0
-54 -154 0
-54 -179 0
-54 -204 0
-54 -229 0
-79 -104 0
-79 -129 0
-79 -154 0
-79 -179 0
-79 -204 0
-79 -229 0
-104 -129 0
-104 -154 0
-104 -179 0
-104 -204 0
-104 -229 0
-129 -154 0
-129 -179 0
-129 -204 0
-129 -229 0
-154 -179 0
-154 -204 0
-154 -229 0
-179 -204 0
-179 -229 0
-204 -229 0
-30 -55 0
-30 -80 0
-30 -105 0
-30 -130 0
-30 -155 0
-30 -180 0
-30 -205 0
-30 -230 0
-55 -80 0
-55 -105 0
-55 -130 0
-55 -155 0
-55 -180 0
-55 -205 0
-55 -230 0
-80 -105 0
-80 -130 0
-80 -155 0
-80 -180 0
-80 -205 0
-80 -230 0
-105 -130 0
-105 -155 0
-105 -180 0
-105 -205 0
-105 -230 0
-130 -155 0
-130 -180 0
-130 -205 0
-130 -230 0
-155 -180 0
-155 -205 0
-155 -230 0
-180 -205 0
-180 -230 0
-205 -230 0
-31 -56 0
-31 -81 0
-31 -106 0
-31 -131 0
-31 -156 0
-31 -181 0
-31 -206 0
-31 -231 0
-56 -81 0
-56 -106 0
-56 -131 0
-56 -156 0
-56 -181 0
-56 -206 0
-56 -231 0
-81 -106 0
-81 -131 0
-81 -156 0
-81 -181 0
-81 -206 0
-81 -231 0
-106 -131 0
-106 -156 0
-106 -181 0
-106 -206 0
-106 -231 0
-131 -156 0
-131 -181 0
-131 -206 0
-131 -231 0
-156 -181 0
-156 -206 0
-156 -231 0
-181 -206 0
-181 -231 0
-206 -231 0
-32 -57 0
-32 -82 0
-32 -107 0
-32 -132 0
-32 -157 0
-32 -182 0
-32 -207 0
-32 -232 0
-57 -82 0
-57 -107 0
-57 -132 0
-57 -157 0
-57 -182 0
-57 -207 0
-57 -232 0
-82 -107 0
-82 -132 0
-82 -157 0
-82 -182 0
-82 -207 0
-82 -232 0
-107 -132 0
-107 -157 0
-107 -182 0
-107 -207 0
-107 -232 0
-132 -157 0
-132 -182 0
-132 -207 0
-132 -232 0
-157 -182 0
-157 -207 0
-157 -232 0
-182 -207 0
-182 -232 0
-207 -232 0
-33 -58 0
-33 -83 0
-33 -108 0
-33 -133 0
-33 -158 0
-33 -183 0
-33 -208 0
-33 -233 0
-58 -83 0
-58 -108 0
-58 -133 0
-58 -158 0
-58 -183 0
-58 -208 0
-58 -233 0
-83 -108 0
-83 -133 0
-83 -158 0
-83 -183 0
-83 -208 0
-83 -233 0
-108 -133 0
-108 -158 0
-108 -183 0
-108 -208 0
-108 -233 0
-133 -158 0
-133 -183 0
-133 -208 0
-133 -233 0
-158 -183 0
-158 -208 0
-158 -233 0
-183 -208 0
-183 -233 0
-208 -233 0
-34 -59 0
-34 -84 0
-34 -109 0
-34 -134 0
-34 -159 0
-34 -184 0
-34 -209 0
-34 -234 0
-59 -84 0
-59 -109 0
-59 -134 0
-59 -159 0
-59 -184 0
-59 -209 0
-59 -234 0
-84 -109 0
-84 -134 0
-84 -159 0
-84 -184 0
-84 -209 0
-84 -234 0
-109 -134 0
-109 -159 0
-109 -184 0
-109 -209 0
-109 -234 0
-134 -159 0
-134 -184 0
-134 -209 0
-134 -234 0
-159 -184 0
-159 -209 0
-159 -234 0
-184 -209 0
-184 -234 0
-209 -234 0
-35 -60 0
-35 -85 0
-35 -110 0
-35 -135 0
-35 -160 0
-35 -185 0
-35 -210 0
-35 -235 0
-60 -85 0
-60 -110 0
-60 -135 0
-60 -160 0
-60 -185 0
-60 -210 0
-60 -235 0
-85 -110 0
-85 -135 0
-85 -160 0
-85 -185 0
-85 -210 0
-85 -235 0
-110 -135 0
-110 -160 0
-110 -185 0
-110 -210 0
-110 -235 0
-135 -160 0
-135 -185 0
-135 -210 0
-135 -235 0
-160 -185 0
-160 -210 0
-160 -235 0
-185 -210 0
-185 -235 0
-210 -235 0
-36 -61 0
-36 -86 0
-36 -111 0
-36 -136 0
-36 -161 0
-36 -186 0
-36 -211 0
-36 -236 0
-61 -86 0
-61 -111 0
-61 -136 0
-61 -161 0
-61 -186 0
-61 -211 0
-61 -236 0
-86 -111 0
-86 -136 0
-86 -161 0
-86 -186 0
-86 -211 0
-86 -236 0
-111 -136 0
-111 -161 0
-111 -186 0
-111 -211 0
-111 -236 0
-136 -161 0
-136 -186 0
-136 -211 0
-136 -236 0
-161 -186 0
-161 -211 0
-161 -236 0
-186 -211 0
-186 -236 0
-211 -236 0
-37 -62 0
-37 -87 0
-37 -112 0
-37 -137 0
-37 -162 0
-37 -187 0
-37 -212 0
-37 -237 0
-62 -87 0
-62 -112 0
-62 -137 0
-62 -162 0
-62 -187 0
-62 -212 0
-62 -237 0
-87 -112 0
-87 -137 0
-87 -162 0
-87 -187 0
-87 -212 0
-87 -237 0
-112 -137 0
-112 -162 0
-112 -187 0
-112 -212 0
-112 -237 0
-137 -162 0
-137 -187 0
-137 -212 0
-137 -237 0
-162 -187 0
-162 -212 0
-162 -237 0
-187 -212 0
-187 -237 0
-212 -237 0
-38 -63 0
-38 -88 0
-38 -113 0
-38 -138 0
-38 -163 0
-38 -188 0
-38 -213 0
-38 -238 0
-63 -88 0
-63 -113 0
-63 -138 0
-63 -163 0
-63 -188 0
-63 -213 0
-63 -238 0
-88 -113 0
-88 -138 0
-88 -163 0
-88 -188 0
-88 -213 0
-88 -238 0
-113 -138 0
-113 -163 0
-113 -188 0
-113 -213 0
-113 -238 0
-138 -163 0
-138 -188 0
-138 -213 0
-138 -238 0
-163 -188 0
-163 -213 0
-163 -238 0
-188 -213 0
-188 -238 0
-213 -238 0
