c PicoSAT SAT Solver Version 960
c Copyright (c) 2006 - 2014 Armin Biere JKU Linz
c /usr/bin/clang -pipe -Os -arch x86_64
c
c using 2 as default phase
c
c parsing infile.cnf
c parsed header 'p cnf 248 361063'
c initialized 248 variables
c found 361063 non trivial clauses
c
c random number generator seed 0
c 
c  seconds     variables   original    learned     agility
c         level        used      conflicts    limit          MB
c 
c s   0.6   0.0   193 100.0 140e3     0  1120     0   0.0  12.0 
c 
c initial reduction limit 1000 clauses
c 
c +   0.6  45.0   193 100.0 140e3   100   659  1100   3.5  12.0 
c R   0.6  45.0   193 100.0 140e3   102   661  1100   3.7  12.0 
c +   0.6  43.5   193 100.0 140e3   221   780  1210   7.6  12.1 
c +   0.6  45.9   193 100.0 140e3   367   926  1331  11.5  12.1 
c R   0.6  46.2   193 100.0 140e3   409   968  1331  12.1  12.1 
c +   0.6  47.0   193 100.0 140e3   543  1102  1464  15.2  12.2 
c +   0.6  47.4   193 100.0 140e3   755  1314  1610  18.2  12.3 
c +   0.6  48.2   193 100.0 140e3  1011  1570  1771  20.7  12.3 
c R   0.7  50.9   193 100.0 140e3  1211  1770  1771  20.4  12.4 
c +   0.7  50.7   193 100.0 140e3  1320   990  1948  19.5  12.1 
c +   0.7  53.8   193 100.0 140e3  1693  1363  2142  19.2  12.3 
c +   0.7  54.1   193 100.0 140e3  2144  1814  2356  20.8  12.4 
c +   0.8  55.5   193 100.0 140e3  2689  2359  2591  23.3  12.6 
c N   0.8  55.8   193 100.0 140e3  3220  1585  2591  23.4  12.3 
c +   0.8  55.8   193 100.0 140e3  3348  1713  2850  23.3  12.4 
c +   0.8  56.0   193 100.0 140e3  4145  2510  3135  24.1  12.6 
c +   0.9  56.4   193 100.0 140e3  5109  1902  3448  26.0  12.4 
c +   1.0  56.4   193 100.0 140e3  6275  3068  3792  24.7  12.8 
c +   1.1  56.6   193 100.0 140e3  7685  2573  4171  24.4  12.6 
c N   1.1  56.7   193 100.0 140e3  8034  2922  4171  24.1  12.8 
c 
c  seconds     variables   original    learned     agility
c         level        used      conflicts    limit          MB
c 
c +   1.2  57.0   193 100.0 140e3  9391  2185  4588  24.0  12.5 
c +   1.4  57.7   193 100.0 140e3 11455  4249  5046  23.6  13.4 
c +   1.6  58.0   193 100.0 140e3 13952  4213  5550  22.4  13.3 
c +   1.8  57.3   193 100.0 140e3 16973  4449  6105  23.8  13.3 
c R   2.0  56.9   193 100.0 140e3 19258  3676  6105  22.0  13.0 
c +   2.1  56.6   193 100.0 140e3 20628  5046  6715  25.3  13.4 
c +   2.4  56.4   193 100.0 140e3 25050  6105  7386  22.9  13.8 
c +   2.8  56.1   193 100.0 140e3 30400  4056  8124  26.7  13.0 
c +   3.2  55.7   193 100.0 140e3 36873  6461  8936  25.0  13.9 
c +   3.8  55.1   193 100.0 140e3 44705  5342  9829  24.4  13.5 
c N   3.8  55.1   193 100.0 140e3 44901  5538  9829  23.6  13.6 
c +   4.5  54.7   193 100.0 140e3 54181  4979 10811  21.5  13.3 
c +   5.5  55.1   193 100.0 140e3 65646  5611 11892  21.9  13.5 
c +   6.7  55.0   193 100.0 140e3 79518  7577 13081  26.0  14.1 
c +   7.9  55.1   193 100.0 140e3 96303 11265 14389  23.2  15.6 
c R   8.3  54.9   193 100.0 140e3 102e3 10355 14389  22.4  15.3 
c +   9.7  54.6   193 100.0 140e3 116e3  9977 15827  23.6  14.9 
c +  12.2  54.9   193 100.0 140e3 141e3 10785 17409  21.0  15.1 
c +  15.1  54.2   193 100.0 140e3 170e3 14389 19149  24.3  16.5 
c +  18.1  52.7   193 100.0 140e3 206e3 12042 21063  22.7  15.5 
c N  20.1  51.8   193 100.0 140e3 230e3 14891 21063  25.3  16.4 
c +  22.1  51.8   193 100.0 140e3 250e3 13414 23169  22.6  16.0 
c 
c  seconds     variables   original    learned     agility
c         level        used      conflicts    limit          MB
c 
